> argentinaGDP = c(4330.95944095164, 5730.72380988423, 6815.61828975463, 6957.41749889251, 7464.4747368819, 7383.70450960064, 7690.15700254783, 8176.77119517435, 8250.67317414321, 7735.32208018486, 7666.51783423783, 7168.97587232911, 2579.48876933284, 3333.15290388997, 4258.16026060875, 5086.62776073134, 5890.97800169795, 7210.59554755899, 8977.50685093365, 8184.38988923991, 10385.9644319555, 12848.8641969705, 13082.664325572, 13080.2547323367, 12334.7982453893, 13789.060424772, 12790.2424732447, 14613.041824658, 11795.1593866287, 9963.6725062053, 8496.42414176374, 10636.1201956183)
> australiaGDP = c(18249.7094846628, 18860.5815907438, 18624.5550841793, 17700.1155557894, 18129.7907198601, 20446.7198474713, 22020.093721362, 23645.0883283773, 21478.3851573346, 20698.7127028167, 21853.781667691, 19681.6626363573, 20291.1785479686, 23705.9072163917, 30819.9934867745, 34461.7087799639, 36570.7203684146, 41023.7548562293, 49679.1805279842, 42810.331655139, 52134.3088504199, 62596.4321748915, 68044.714816234, 68158.5797427053, 62513.4112171122, 56710.4457244504, 49875.5651433836, 53936.1402549903, 57207.8715094806, 54941.4341793948, 51720.3707634401, 60443.1091649968)
> austriaGDP = c(21680.989623313, 22410.9117666654, 24880.1641180361, 24081.5277928004, 25646.7006591684, 30325.8495818396, 29809.0767730821, 26705.4785993891, 27361.8751106437, 27183.4759263956, 24625.6007227434, 24558.7636778868, 26527.5930910347, 32294.0488606559, 36889.2335135194, 38417.4577857677, 40669.3269586152, 46915.3374004507, 51919.9835754226, 48153.3240199631, 46903.7615854343, 51442.2762464407, 48564.9173350875, 50731.1272541847, 51786.3771747905, 44195.8175947748, 45307.5878620429, 47429.1584564387, 51466.5565633634, 50070.4033482901, 48809.2268762243, 53637.7057109897)
> brazilGDP = c(2592.62716607932, 2234.36268750579, 2105.10774751013, 2324.49977472726, 3263.56262238902, 4704.96154593883, 5121.90540734464, 5240.12879590406, 5049.76611943426, 3456.42359484227, 3726.81142036099, 3142.27793491612, 2824.679625276, 3056.62496707108, 3623.24799633539, 4773.24894374558, 5866.09622382995, 7323.03362855509, 8801.59948420962, 8570.02256200077, 11249.464543278, 13200.7850823986, 12327.3174365132, 12258.5031683848, 12071.1582132348, 8783.22598387817, 8680.76879182018, 9896.68478335903, 9121.08340257783, 8845.25911841876, 6794.48915877166, 7507.16097080234)
> canadaGDP = c(21448.3619600057, 21768.3432941828, 20879.8483300891, 20121.1612532855, 19935.3814579208, 20613.7878829216, 21227.3475315896, 21901.5628548392, 21024.5850687045, 22315.2466731545, 24271.0020563821, 23822.0601178964, 24255.3385818322, 28300.4630963791, 32143.6814078562, 36382.5079164537, 40504.0607253203, 44659.8951408034, 46710.5055759013, 40876.3101540295, 47562.0834253057, 52223.696112356, 52669.0899632316, 52635.1749580433, 50955.9983232404, 43596.1355365546, 42315.6037056806, 45129.4292980922, 46548.6384108296, 46328.6718408497, 43258.2638715601, 51987.9390529728)
> chileGDP = c(2481.76687492952, 2789.77637280739, 3335.02663299765, 3521.67550817062, 4011.66231072682, 5094.54828377286, 5376.10596485802, 5788.85994826956, 5467.54118035129, 4981.15847141422, 5097.11493718915, 4606.87847152539, 4479.15337213406, 4824.20309753765, 6185.50633517632, 7561.8305480446, 9418.0627175215, 10461.3654213132, 10783.1715606341, 10182.860471021, 12767.7812065383, 14628.5724573037, 15406.4929435446, 15833.2752047998, 14666.3435315712, 13569.9478008231, 13785.6883317516, 15045.5276791243, 15795.7084630954, 14631.9468779229, 13094.4595313609, 16265.0959767147)
> chinaGDP = c(317.884673040928, 333.142145400184, 366.460692302073, 377.389839479958, 473.492278718042, 609.656679202484, 709.413755085039, 781.744164341053, 828.580479295681, 873.28706172579, 959.372483639691, 1053.10824300452, 1148.5082904417, 1288.64325183381, 1508.66809788266, 1753.41782925823, 2099.22943460447, 2693.97006340526, 3468.30460207434, 3832.23643246702, 4550.4531077571, 5614.35213522574, 6300.61511825789, 7020.33848453658, 7636.11660125265, 8016.43143498352, 8094.36336674652, 8816.98690451883, 9905.34200388822, 10143.8381955585, 10408.6697561349, 12556.3331200058)
> cubaGDP = c(2695.61486458131, 2269.64557765794, 2048.06883870462, 2063.22212319205, 2613.00503947034, 2784.90260522494, 2281.97555037471, 2306.38394039568, 2332.50821705533, 2562.27410535087, 2752.20378269319, 2844.24443674985, 3007.19307369322, 3205.68839767994, 3403.29616311163, 3791.87300608904, 4336.87332999361, 4814.85487568512, 4992.82449445836, 5094.43756186586, 5275.53260105122, 6106.0067919258, 6467.33791422804, 6814.24384354868, 7117.52691001591, 7683.75789050585, 8055.88990736388, 8543.36096849045, 8831.90722233737, 9139.41585605765, 9499.59020230432)
> germanyGDP = c(22303.9613266628, 23357.757725073, 26438.2303888417, 25522.6295733618, 27076.60675014, 31658.3493789135, 30485.8665482279, 26964.0494672673, 27289.0593603191, 26734.9425369252, 23694.7604830673, 23628.3272122367, 25197.2656001848, 30310.3575963774, 34106.6581224001, 34520.2396492496, 36353.8803343631, 41640.0808695147, 45612.7106221441, 41650.3678297162, 41572.4559481507, 46705.8957963353, 43855.8544658618, 46298.9229177341, 48023.8699845462, 41103.2564363768, 42136.1207907991, 44652.5891722719, 47939.2782884504, 46793.6867616004, 46772.8253507545, 51203.5544731043)
> egyptGDP = c(751.187490181277, 637.897597341886, 697.726040479516, 758.829619215034, 826.718967131504, 937.543150130502, 1031.48807810504, 1170.8047978923, 1239.35356227086, 1297.57469006096, 1398.85983078672, 1327.09651832991, 1144.53239841974, 1056.93720896595, 1016.25388395628, 1133.10546057176, 1332.33941000282, 1586.47292057972, 1941.89997269337, 2212.21814788932, 2509.77203417522, 2645.6225349104, 3059.13542779204, 3088.8908340843, 3196.86138078687, 3370.38244716015, 3331.61246134688, 2315.89662651245, 2407.08654343598, 2869.57658843903, 3398.80143153083, 3698.83498105861)
> estoniaGDP = c(3134.38975345407, 3380.92630243199, 3682.95230146695, 4093.39247738765, 4140.93660232167, 4070.60902410208, 4505.85833233188, 5341.62894677002, 7203.52303786646, 8914.10355674451, 10412.6443137966, 12639.4000677296, 16744.5844516343, 18204.9664786762, 14711.7352728223, 14663.0446126465, 17487.8047830922, 17403.2053254767, 19056.0019226989, 20261.0667303886, 17402.0376128079, 18295.3429322114, 20437.765376736, 23165.8494786437, 23424.4847073518, 23595.2436836441, 27943.701219882)
> finlandGDP = c(28364.6450765922, 25484.7392935746, 22319.059460246, 17608.8123902264, 20301.333085866, 26271.5998141691, 25783.4504878611, 24691.8728133698, 26009.2694886182, 26186.1900105755, 24345.9148217032, 24967.7925153182, 26997.7529897788, 32927.6802919408, 37772.1781110398, 39054.8504423825, 41222.6020004611, 48476.3927287052, 53772.7942390019, 47481.4845364339, 46505.3031791811, 51148.9316365833, 47708.0612784469, 49892.2233632732, 50327.2402902632, 42801.9081167285, 43814.0265056965, 46412.1364777169, 49987.6261584968, 48629.8582283032, 49170.7521512441, 53654.7502964259)
> ukGDP = c(19095.4669984608, 19900.7266505069, 20487.1707852878, 18389.0195675099, 19709.2380983653, 23202.4615775949, 24440.3281377791, 26781.362168176, 28297.8659970584, 28786.9592756835, 28290.9725024578, 27886.7985907797, 30079.6600435049, 34479.3929332278, 40390.7858294925, 42131.6993992712, 44536.6197203512, 50435.37028921, 47429.9363403009, 38821.1795827116, 39693.1938701237, 42150.6981408821, 42485.5860695397, 43449.0917173139, 47447.5889322667, 45071.0743234873, 41146.0773555246, 40621.334478632, 43306.3083049317, 42747.080460496, 40318.5575660493, 46510.2827819127)
> greeceGDP = c(9600.18523506603, 10188.3697801238, 11176.4584190614, 10401.9830146096, 11091.2838472779, 12959.3242908115, 13749.1151120679, 13427.8325055002, 13472.1376092623, 13249.6633239242, 12072.9293569196, 12549.036894906, 14177.5721592705, 18518.3788387396, 21995.477943746, 22560.1472939077, 24821.9367451879, 28863.9732885018, 32127.9831943287, 29828.7560245271, 26716.6488260274, 25483.8825644931, 21912.9982879517, 21787.7877636035, 21616.7100094908, 18083.8779056547, 17923.9668134716, 18582.0893411631, 19756.990456255, 19144.284387556, 17658.9473011192, 20192.5963039061)
> indiaGDP = c(368.749759408129, 303.850437957407, 317.559135479384, 301.501194948853, 346.227393126043, 373.628280320062, 399.577503521552, 414.898869576673, 412.509511039641, 440.961454614021, 442.034778917695, 449.911124933268, 468.84442830518, 543.843798893951, 624.105094371897, 710.509344850714, 802.01374204738, 1022.73162874643, 993.503772474691, 1096.63498033497, 1350.63432207085, 1449.60178853415, 1434.01819806113, 1438.05748041006, 1559.86451848257, 1590.17391842781, 1714.28035526737, 1957.968841235, 1974.37778792366, 2047.23270433512, 1910.42147282449, 2256.59040870506)
> iranGDP = c(2237.05226140112, 1066.74193846504, 1197.64214618036, 1585.97793676223, 1954.66075235684, 1823.27451369781, 1737.70003294612, 1765.78364270151, 1672.02287650211, 1902.94763907225, 1910.47713365953, 2259.51631976812, 2751.7930417505, 3226.61397057427, 3736.17779257835, 4838.00355609278, 5623.91168097394, 5602.55628183187, 6458.57393556621, 8201.58170850865, 8329.00204422921, 6280.68185751355, 5757.54333684193, 4990.93679760475, 5497.24322713074, 5758.59071996595, 3873.99534020792, 3277.875595507, 2746.42044957439, 4091.20918670534)
> israelGDP = c(18916.6736162439, 20116.9818739492, 20366.5829100097, 20106.6307473306, 19742.5203936202, 21630.7476087887, 20909.430361637, 19035.1024144493, 19627.1754936631, 20557.0786270029, 21223.9355901939, 22494.6420931621, 25633.6432169583, 30173.3615938856, 28317.0408441487, 31266.6053174383, 34354.7161182231, 33156.2283157638, 36941.8423573582, 38259.6810956173, 36206.5222171621, 37690.4739511859, 41114.7817082553, 42406.8454263606, 44452.2325623093, 44846.7915954816, 52170.7118623335)
> italyGDP = c(20825.7842228307, 21956.5297707332, 23243.4745277206, 18738.7638969132, 19337.6308996383, 20664.5522701724, 23081.6046757702, 21829.3458226222, 22318.1373007109, 22005.0545405773, 20137.5912217673, 20500.9543995672, 22376.2978989329, 27526.3224609957, 31317.2007943296, 32055.0920757503, 33529.7266014361, 37870.7475070969, 40944.9124194678, 37226.7571935402, 36035.6449950691, 38649.6394836789, 35051.5212697703, 35560.0814062288, 35565.7213771496, 30242.3861352184, 30960.7315088902, 32406.7203150134, 34622.1696664741, 33673.7509627421, 31911.0357890017, 35657.4975631691)
> japanGDP = c(25371.4641705246, 28915.0082048082, 31414.9846370412, 35681.9639422506, 39933.5150564874, 44197.6191013908, 39150.0396308089, 35638.2319556941, 32423.7556133801, 36610.1683163197, 39169.3595701504, 34406.1824638092, 32820.7936433254, 35387.0374203599, 38298.9801712303, 37812.8950199948, 35991.546002862, 35779.0245416427, 39876.3039685725, 41308.9968370512, 44968.1562349739, 48760.0789494211, 49145.2804308193, 40898.6478964744, 38475.3952461838, 34960.6393843385, 39375.4731620781, 38834.0529341227, 39727.1165995928, 40458.0018755824, 39918.1675583443, 39312.6603730693)
> southKoreaGDP = c(6610.0365083067, 7636.98242937015, 8126.67038993422, 8884.92831945455, 10385.3361681219, 12564.7781344586, 13403.049586225, 12398.4800276705, 8281.69998157684, 10672.4179334373, 12256.9935679503, 11561.2483689073, 13165.0657360554, 14672.8574703505, 16496.1200942502, 19402.5026259549, 21743.4774514254, 24086.4104391677, 21350.427979823, 19143.8516053025, 23087.2256438476, 25096.2638838239, 25466.7605170594, 27182.7343101936, 29249.5752209742, 28732.2310762599, 29288.8704389833, 31616.8434004683, 33436.9230646064, 31902.4169048194, 31721.2989141857, 34997.7816427848)
> moroccoGDP = c(1219.4306640625, 1282.57214355469, 1317.32995605469, 1217.42907714844, 1348.5390625, 1455.95031738281, 1585.71838378906, 1416.900390625, 1491.13977050781, 1464.14880371094, 1348.0498046875, 1350.71203613281, 1426.95751953125, 1737.06384277344, 1964.080078125, 2026.02587890625, 2200.96606445313, 2501.22241210938, 2889.22094726563, 2863.5966796875, 2835.2177734375, 3041.14575195313, 2907.44921875, 3117.51513671875, 3430.54956054688, 3139.24365234375, 3132.94458007813, 3288.50219726563, 3492.67333984375, 3498.57397460938, 3258.12133789063, 3795.38012695313)
> mexicoGDP = c(3196.9189246775, 3756.88993658112, 4272.7859647897, 5778.93872241404, 5976.52358720335, 4002.17430448435, 4487.29177890965, 5370.21751079841, 5555.73724554862, 6230.69557144429, 7232.87880868278, 7613.17693215721, 7650.89884967419, 7120.3847701944, 7525.46523432127, 8321.85349288706, 9125.42262440559, 9719.92045203482, 10119.8362111768, 8104.90757907686, 9399.97090779255, 10341.5210484975, 10376.0576664423, 10865.6802017218, 11076.0924511013, 9753.38004823861, 8875.06225558599, 9434.38648739127, 9857.02882925559, 10145.1701829207, 8655.00068206803, 10045.6805004963)
> namibiaGDP = c(2037.92701298299, 2117.0172166262, 2346.28790867118, 2153.36958958802, 2352.6605390736, 2478.24349092473, 2417.60551509769, 2453.84634078524, 2231.10801732902, 2175.44375772102, 2156.09894442246, 1916.25163316348, 1773.43946202747, 2571.99905728554, 3407.84695559523, 3692.76244691052, 4027.96170615871, 4394.51235778035, 4222.34768017609, 4322.63940966336, 5445.38291979955, 5873.0794942491, 6017.15706904775, 5463.01736050918, 5544.09742281386, 4965.68085962392, 4614.88172099748, 5453.57062209566, 5687.3990933188, 5126.17614357634, 4251.17276622988, 4865.55776470864)
> nigeriaGDP = c(567.517902154176, 502.822869747645, 477.080756484416, 270.027523787786, 320.82578675313, 407.2782992449, 460.324190248145, 478.576939925535, 467.939014177062, 496.030186963549, 565.304317206495, 577.056969532122, 733.538161512973, 786.802409334717, 992.745280113547, 1250.40667526077, 1652.15369043056, 1876.41277665632, 2227.78995171265, 1883.88734830887, 2280.11197852503, 2504.87827884434, 2728.02268335423, 2976.75673612767, 3200.95314600431, 2679.55476480921, 2144.77993839856, 1941.87948520625, 2125.83428239448, 2204.18157415589, 2074.61392802438, 2065.74906750923)
> newZealand = c(13663.0216184298, 12230.0734548834, 11793.1392416214, 13094.3454502639, 15280.3127842922, 17400.4201848172, 18794.436039393, 17474.187029724, 14738.4455703918, 15322.2238340267, 13641.1027183822, 13882.8568268586, 16874.1874918196, 21913.7081719961, 25420.234882944, 27751.0654708859, 26654.5932018985, 32479.9817381467, 31252.9625640673, 28209.3623271229, 33676.7741239925, 38387.6270784076, 39973.3807587223, 42976.6495882584, 44572.8987536626, 38630.7265886928, 40058.1961621466, 42924.9955958449, 43250.440973659, 42865.233643554, 41596.5055023403, 48781.0266328884)
> peruGDP = c(1194.54830200693, 1520.67736235824, 1560.54650443571, 1481.34098915924, 1871.3921088991, 2180.56663897168, 2218.32174731966, 2292.39651714831, 2149.70106301576, 1911.73501688306, 1941.318259717, 1925.97942030475, 2003.97108061855, 2126.13782387391, 2393.66589710452, 2702.23770075461, 3123.32015935927, 3572.36358879114, 4184.88598248749, 4164.97048299155, 5047.24930726929, 5826.83230656078, 6475.68607048931, 6697.18526837489, 6614.93333937211, 6180.1949572907, 6163.79102629697, 6676.28422114802, 6912.11029696274, 6955.80995882668, 6056.34390291445, 6621.57433601881)
> polandGDP = c(1731.20953112388, 2235.54108862522, 2459.02068468253, 2497.19524116689, 2874.8253108452, 3686.81929987805, 4147.46550145483, 4123.13561806773, 4518.10822630174, 4398.08104335996, 4501.45406742273, 4991.24435799511, 5207.17142069402, 5701.6022116161, 6681.38647195042, 8021.50574346795, 9035.41046744936, 11254.5173881254, 13996.0251506835, 11526.0558884824, 12504.2501856093, 13776.6115521996, 13010.923390231, 13558.414058018, 14182.1375046373, 12560.051419682, 12378.75943742, 13815.6217986247, 15504.5804848188, 15699.9113500703, 15816.989398397, 17999.9099495446)
> portugalGDP = c(7884.61798756332, 8958.9853330247, 10810.5665079626, 9534.6563637308, 9977.31990905771, 11781.3618502221, 12185.0914010629, 11575.5071124358, 12199.206385024, 12475.2917701476, 11526.3720667968, 11734.7649743954, 12936.6928204482, 15797.7821340276, 18064.1580932987, 18780.12751241, 19839.4540499032, 22811.0564844365, 24949.0413566739, 23151.2154130712, 22520.6423124045, 23217.2954965207, 20563.7136012629, 21653.1959752225, 22103.7009703321, 19250.1065376852, 19991.9724878805, 21490.429863104, 23562.5545228191, 23330.817288932, 22242.406417972, 24567.5092651)
> qatarGDP = c(16664.8314327886, 15079.3594623197, 16223.7800763357, 14724.2591753497, 14728.7820222192, 15797.6910390559, 17116.832559522, 20519.4093535576, 17651.5455802225, 20207.2255889136, 27494.7713320186, 25836.2707926738, 27151.032498866, 31440.2207124561, 40792.2764702117, 52468.4456475056, 59978.86120736, 64706.9899026035, 79811.5977371757, 60733.9817002272, 73021.3097525035, 92992.9971307452, 98041.3622380894, 97630.8255152088, 93126.1494633822, 66984.9102002396, 58467.2355711087, 59407.6980498883, 66264.081168209, 62637.2751084291, 52315.6600783116, 66838.357433014)
> russiaGDP = c(3492.71020507813, 3490.45239257813, 3098.802734375, 2930.67016601563, 2662.10400390625, 2665.77978515625, 2643.92919921875, 2737.57202148438, 1834.86181640625, 1330.75720214844, 1771.59411621094, 2100.3525390625, 2377.52954101563, 2975.12524414063, 4102.36474609375, 5323.462890625, 6920.18896484375, 9101.2548828125, 11635.2724609375, 8562.8134765625, 10674.99609375, 14311.083984375, 15420.875, 15974.64453125, 14095.6484375, 9313.013671875, 8704.8984375, 10720.3330078125, 11287.3603515625, 11536.2509765625, 10169.0869140625, 12194.77734375)
> sudanGDP = c(1301.81909179688, 1667.54528808594, 263.089080810547, 326.759429931641, 459.454345703125, 483.681915283203, 307.819793701172, 388.815704345703, 366.119354248047, 339.281585693359, 378.161163330078, 471.376586914063, 529.443542480469, 607.014221191406, 737.108520507813, 945.673400878906, 1179.91625976563, 1500.67309570313, 1585.55432128906, 1382.64135742188, 1706.41564941406, 1982.8310546875, 1797.37976074219, 1834.5458984375, 2075.98901367188, 2226.42163085938, 2614.30029296875, 3188.75, 769.869140625, 748.010925292969, 608.33251953125, 751.821350097656)
> thailandGDP = c(1545.27468681279, 1751.06830866766, 1957.40758057422, 2230.84214929262, 2502.70387269963, 2848.61971229033, 3039.89010013038, 2462.41704939519, 1841.04237673117, 2028.56641026847, 2004.10720879939, 1889.97141079834, 2091.17807560833, 2350.84645917995, 2647.26171987261, 2876.24791831077, 3343.78445118442, 3934.68874340993, 4327.79760031594, 4154.18429682748, 4996.37288602788, 5396.64942631764, 5748.63124106961, 6041.1274597099, 5822.38369858276, 5708.79692481031, 5854.46108800162, 6436.79174605157, 7124.56454354255, 7630.03960991873, 6990.93550262041, 7066.19054595323)
> saudiArabiaGDP = c(7349.70407261908, 7939.2985015573, 7932.70645303847, 7450.65934446164, 7359.44904990217, 7588.7617944161, 8174.14270917232, 8323.82482334845, 7169.36986349547, 7697.26687628453, 8795.26133853489, 8337.32055071504, 8380.95929549098, 9321.8038741016, 10935.0165904482, 13462.763048545, 14848.602058303, 15756.1936225077, 18944.8573497597, 15064.6312807243, 17958.9489913952, 22262.6136629624, 23878.5852917443, 23716.2606159022, 23543.5663423802, 19977.7946924217, 19300.0500059245, 20138.1463328409, 23318.7381671416, 22430.238229402, 19539.5658107346, 23185.8707917797)
> turkeyGDP = c(2773.65247838079, 2711.94242474352, 2814.44755604105, 3144.54257203462, 2241.29005627223, 2857.845724705, 3009.85503352792, 3097.95403467596, 4433.76641899432, 4057.65655793068, 4278.39313044251, 3100.42864226374, 3640.82564144566, 4704.72564390808, 6031.94792735276, 7369.33864694192, 8003.55115399087, 9668.62878162376, 10802.7806139323, 8989.50258888251, 10615.3280641927, 11308.0649033577, 11697.4805131124, 12507.594513483, 12020.5826390508, 10851.9541305658, 10734.3799728439, 10464.1013990681, 9400.77821401543, 9103.04337531894, 8561.07094781987, 9661.23597511355)
> usGDP = c(23888.6000088133, 24342.2589048189, 25418.9907763319, 26387.2937338171, 27694.853416234, 28690.8757013347, 29967.7127181749, 31459.1389804773, 32853.6769523009, 34515.3902272076, 36329.9560727102, 37133.623113437, 37997.7596573051, 39490.2749557007, 41724.6316287624, 44123.4070679055, 46302.0008800056, 48050.2237771135, 48570.0459804586, 47194.9433547336, 48650.6431283336, 50065.9665041742, 51784.4185738837, 53291.1276891406, 55123.8497869046, 56762.7294515989, 57866.7449341091, 59907.754260885, 62823.309438197, 65120.3946628653, 63530.633483909, 70248.6290002242)
> venezuelaGDP = c(2460.60206969284, 2643.94373712183, 2917.89628480322, 2836.98882081682, 2699.46478800824, 3501.45767528153, 3125.23778765472, 3726.24231309124, 3885.80270436744, 4087.9980709826, 4795.39966770598, 4939.82947826047, 3667.20019363107, 3243.36880476351, 4287.70714653739, 5456.19187881074, 6769.86841430715, 8369.23526829668, 11310.7781703527, 11641.7991472317, 13692.9149666211, 10877.1123638816, 12937.9275972349, 12433.9807853398, 15975.7293753361)
